1
Quanto é 2 * 3?
4
6;0
5;0
8;0
7;0
1
2
Quanto é 4 + 5?
4
9;0
10;0
8;0
7;0
1
3
Quanto é 6 * 7?
4
41;0
42;0
40;0
48;0
2
4
Quanto é 9 + 9?
4
18;0
17;0
19;0
16;0
1
5
Quanto é 3 * 3?
4
8;0
9;0
6;0
12;0
2
6
Quanto é 5 + 4?
4
9;0
10;0
8;0
7;0
1
7
Quanto é 8 * 2?
4
14;0
16;0
18;0
15;0
2
8
Quanto é 7 + 6?
4
12;0
13;0
14;0
11;0
2
9
Quanto é 4 * 4?
4
15;0
16;0
12;0
14;0
2
10
Quanto é 10 + 5?
4
15;0
14;0
16;0
13;0
1
11
Quanto é 2 * 9?
4
18;0
17;0
16;0
20;0
1
12
Quanto é 6 + 6?
4
11;0
12;0
13;0
10;0
2
13
Quanto é 3 * 7?
4
20;0
21;0
18;0
24;0
2
14
Quanto é 5 + 5?
4
9;0
10;0
11;0
12;0
2
15
Quanto é 8 * 3?
4
23;0
24;0
21;0
20;0
2
16
Quanto é 1 + 1?
4
2;0
1;0
3;0
0;0
1
17
Quanto é 9 * 9?
4
80;0
81;0
72;0
90;0
2
18
Quanto é 2 + 7?
4
8;0
9;0
7;0
10;0
2
19
Quanto é 6 * 6?
4
35;0
36;0
30;0
42;0
2
20
Quanto é 4 + 7?
4
11;0
10;0
12;0
9;0
1